0.10 0.01 0.05 -0.09 -0.13 0.17 0.05 0.02 -0.01 0.00 -0.13 0.05 -0.32
-0.18 0.06 0.18 -0.02 0.01 -0.13 -0.00 0.00 -0.01 0.18 0.02 -0.02 0.02
-0.09 0.02 0.07 -0.05 0.15 1.08 0.82 -1.42 -0.06 0.11 -0.14 0.09 1.03
0.05 -0.03 0.09 -0.04 -0.04 -0.03 -0.22 -0.11 0.08 -0.04 -0.23 -0.03 -0.28
-0.04 0.00 -0.09 0.04 -0.07 -0.12 0.07 0.05 0.04 0.09 -0.19 -0.02 0.01
-0.03 0.01 -0.15 0.03 -0.26 -0.14 0.05 0.19 0.10 0.11 -0.13 -0.03 -0.00
-0.19 0.03 0.23 -0.06 0.12 -0.18 -0.04 -0.09 -0.08 0.09 -0.04 -0.01 -0.00
-0.14 0.08 -0.29 -0.09 -0.15 0.05 0.36 -0.08 -0.25 -0.27 -0.02 -0.19 0.04
-0.26 0.09 -0.01 0.81 0.07 -0.17 -0.20 -0.00 -0.22 -0.22 0.01 0.07 -0.06
-0.03 0.03 -0.30 0.03 -0.33 -0.09 0.07 0.49 0.06 -0.01 -0.01 -0.02 -0.05
0.02 -0.12 -0.05 0.04 -0.03 -0.06 0.18 0.01 0.09 0.07 0.00 -0.10 -0.01
-0.51 0.09 -0.08 0.05 -0.23 1.15 0.42 -0.14 -0.09 0.15 0.34 0.05 0.49
-0.45 -0.05 -0.07 0.05 -0.09 0.42 0.39 0.04 -0.05 0.20 0.16 0.03 0.56
-0.17 -0.08 -0.24 0.02 -0.02 0.05 0.04 0.07 0.18 -0.01 -0.37 0.01 -0.10
-0.50 0.13 -0.12 0.05 -0.22 0.43 0.33 -0.06 -0.16 0.01 0.47 0.04 0.51
-0.03 -0.10 0.30 0.02 0.22 0.09 -0.60 -0.03 -0.06 -0.06 -0.19 -0.00 -0.33
0.09 0.00 0.05 -0.06 0.09 -0.01 -0.28 -0.24 0.09 -0.15 0.38 -0.04 -0.35
-0.03 0.08 -0.29 -0.09 -0.15 -0.05 0.36 -0.08 -0.25 -0.27 -0.02 -0.09 -0.10
-0.16 0.06 -0.03 0.00 -0.14 -0.23 0.48 -0.00 -0.09 -0.02 0.02 0.09 -0.03
-0.27 0.15 0.04 -0.10 0.18 -0.01 -0.02 -0.01 -0.17 -0.00 0.02 0.03 0.02
-0.16 0.06 0.14 0.00 -0.25 -0.01 0.24 -0.02 -0.07 -0.00 0.04 0.06 -0.06
-0.52 0.27 -0.12 0.05 -0.30 -0.02 0.42 -0.24 -0.20 0.14 0.34 0.06 0.50
-0.52 0.17 -0.11 0.05 -0.13 0.96 0.33 -0.23 -0.16 0.07 0.13 0.04 0.50
-0.04 -0.08 -0.24 0.02 0.01 -0.04 -0.02 0.04 0.18 -0.01 -0.37 0.01 0.22
-0.20 -0.02 -0.07 -0.06 -0.40 -0.09 -0.08 0.09 -0.56 0.05 -0.03 -0.06 -0.53
-0.15 -0.05 -0.24 0.02 -0.16 1.97 -0.04 0.02 -0.00 0.33 0.06 0.02 0.80
-0.10 -0.03 -0.02 0.03 -0.16 0.01 0.10 -0.00 0.02 0.19 0.00 0.00 0.03
-0.27 0.07 0.17 -0.04 0.01 0.08 -0.01 0.02 -0.11 0.32 0.03 0.01 0.20
-0.10 -0.00 0.00 -0.06 -0.14 -0.08 -0.03 0.08 -0.03 -0.04 -0.03 0.02 -0.01
-0.25 -0.04 0.05 -0.02 -0.08 0.22 -0.02 -0.02 -0.04 0.24 0.12 -0.01 0.33
0.05 -0.09 0.42 0.01 0.10 0.02 -0.48 -0.16 0.05 -0.01 -0.20 -0.02 -0.10
-0.25 -0.01 -0.54 -0.13 -0.81 0.25 -0.08 0.55 -0.17 0.58 -0.38 -0.00 0.03
-0.09 -0.18 -0.48 0.07 -0.30 2.22 -0.36 0.08 0.02 0.30 0.12 -0.03 1.12
-0.08 -0.18 -0.48 0.07 -0.30 2.74 -0.53 0.08 0.02 0.30 0.12 -0.02 1.05
-0.27 -0.06 -0.02 0.03 -0.02 0.01 0.43 -0.26 -0.14 0.08 -0.19 0.09 0.34
-0.20 -0.10 0.56 0.15 -0.34 -0.04 0.03 0.03 -0.03 0.06 0.03 -0.17 -0.06
-0.09 -0.00 -0.03 -0.04 -0.03 -0.02 0.02 -0.10 -0.12 -0.26 -0.12 -0.17 -0.13
-0.15 0.09 0.33 -0.03 -0.22 0.15 -0.36 -0.03 -0.42 -0.00 0.47 0.06 0.19
-0.03 -0.10 0.30 0.02 0.20 -0.06 -0.29 -0.04 -0.06 -0.06 -0.19 0.00 -0.39
-0.04 0.18 0.03 0.05 -0.21 -0.05 -0.07 0.01 0.02 -0.01 0.03 -0.05 0.04
0.00 0.07 -0.27 -0.09 -0.65 -0.00 0.23 0.00 -0.19 -0.26 -0.06 -0.25 -0.22
-0.19 -0.20 0.09 -0.03 -0.05 -0.09 -0.14 0.16 -0.04 0.16 0.06 -0.03 0.27
-0.17 0.22 -0.45 0.02 -0.53 0.57 0.34 -0.53 -0.01 0.16 0.21 0.03 0.60
-0.08 -0.18 0.05 0.18 0.12 -0.06 -0.23 0.09 -0.06 -0.36 0.12 -0.18 -0.19
-0.03 0.00 -0.16 0.03 -0.27 -0.04 0.04 0.29 0.03 0.08 0.05 -0.02 -0.02
-0.48 -0.00 -0.55 -0.13 -0.88 0.89 -0.03 0.52 -0.21 0.57 -0.35 -0.00 -1.28
-0.25 -0.16 0.09 -0.02 -0.09 0.06 -0.03 -0.05 -0.08 0.21 0.07 -0.01 0.44
-0.02 -0.02 -0.05 -0.05 -0.27 0.02 -0.07 -0.04 -0.33 -0.20 -0.12 0.11 -0.26
-0.14 0.03 0.26 -0.11 0.37 -0.30 0.01 -0.36 0.06 0.11 -0.16 -0.15 -0.05
-0.10 -0.03 -0.02 0.03 -0.16 0.04 0.22 -0.00 0.02 0.19 0.00 0.00 0.06
-0.16 0.10 0.07 -0.13 0.13 0.03 -0.14 0.15 -0.16 -0.01 -0.30 0.06 0.03
-0.29 -0.05 0.01 -0.25 -0.00 0.71 -0.19 0.16 -0.05 0.08 0.20 0.07 0.17
-0.10 0.06 -0.01 0.00 -0.26 -0.10 0.36 0.03 -0.05 -0.05 0.14 0.03 -0.09
-0.07 -0.04 -0.06 -0.04 -0.17 0.24 0.04 -0.08 0.02 0.31 0.04 -0.02 0.10
-0.21 -0.00 0.12 -0.02 0.00 -0.12 -0.02 -0.01 -0.04 0.17 0.06 -0.03 0.00
0.01 0.07 -0.27 -0.09 -0.44 0.01 0.19 0.00 -0.19 -0.26 -0.06 -0.23 -0.29
-0.01 -0.07 -0.14 -0.05 -0.48 0.36 -0.31 0.11 0.18 0.38 -0.40 -0.03 -0.10
0.02 -0.24 0.05 0.17 0.12 -0.03 -0.19 0.02 0.09 -0.22 -0.08 -0.19 -0.00
-0.51 0.09 -0.08 0.05 -0.23 0.32 0.41 -0.14 -0.09 0.15 0.34 0.04 0.25
-0.33 -0.01 0.26 0.00 0.05 1.11 -0.35 0.10 -0.17 0.00 0.50 0.01 0.64
-0.13 -0.00 -0.55 -0.13 -0.34 0.28 -0.02 0.46 -0.21 0.57 -0.35 0.01 -0.69
0.06 0.00 0.04 0.02 0.03 -0.01 -0.16 -0.23 0.27 -0.08 0.08 -0.21 -0.05
-0.16 -0.07 0.02 0.08 -0.01 -0.15 0.02 -0.00 -0.04 0.02 0.04 0.04 0.08
0.09 0.00 0.05 -0.06 0.09 0.10 -0.34 -0.21 0.09 -0.15 0.38 -0.03 -0.78
-0.26 0.11 -0.01 0.48 0.04 -0.11 -0.01 0.00 -0.17 -0.12 0.02 0.04 0.05
0.00 0.07 -0.27 -0.09 -0.65 0.00 0.18 0.00 -0.19 -0.26 -0.06 -0.28 -0.44
0.04 -0.09 0.42 0.01 0.10 0.01 -0.47 -0.12 0.05 -0.01 -0.20 -0.02 0.08
-0.26 -0.00 -0.55 -0.13 -1.12 0.52 -0.02 0.40 -0.21 0.57 -0.35 -0.00 -0.66
-0.44 0.31 -0.23 -0.57 -0.35 2.48 0.44 -0.20 -0.24 0.49 0.61 0.05 0.66
-0.51 0.13 -0.12 0.05 -0.22 0.73 0.31 -0.23 -0.16 0.01 0.47 0.05 0.50
-0.15 -0.00 -0.55 -0.13 -1.12 0.32 -0.03 0.45 -0.21 0.57 -0.35 -0.00 -0.60
-0.18 -0.02 0.09 -0.02 0.07 -0.33 0.02 0.00 -0.10 0.08 0.08 -0.04 -0.22
-0.07 -0.10 -0.14 0.09 0.12 -0.13 0.08 0.09 -0.06 -0.03 0.06 0.01 0.00
-0.17 -0.18 0.09 0.17 -0.03 -0.10 0.11 0.10 -0.03 0.02 0.01 -0.26 -0.02
0.05 -0.09 0.57 0.01 0.04 -0.07 -0.44 -0.15 0.07 0.06 -0.05 -0.01 -0.26
-0.09 0.25 -1.01 0.03 -0.42 1.31 -0.15 0.04 0.03 0.58 0.01 0.02 0.92
-0.11 0.11 0.16 0.03 0.20 -0.30 -0.00 -0.34 0.11 -0.12 -0.04 -0.16 0.04
-0.03 0.01 -0.18 0.03 -0.22 -0.09 0.03 0.21 0.02 0.13 0.10 -0.03 -0.02
-0.31 0.11 0.01 -0.25 -0.00 1.05 0.18 -0.16 -0.19 0.12 0.16 0.07 0.39
-0.08 -0.10 0.30 0.02 0.19 0.04 -0.61 -0.05 -0.07 -0.06 -0.19 0.00 -0.29
0.00 0.07 -0.27 -0.09 -0.44 -0.00 0.20 0.00 -0.19 -0.26 -0.06 -0.33 -0.27
0.04 -0.01 0.35 -0.06 -0.06 -0.05 -0.32 -0.19 0.05 -0.28 -0.12 0.04 -0.36
0.01 0.04 0.13 -0.06 -0.09 -0.01 -0.18 0.00 -0.03 -0.00 0.06 -0.15 -0.05
-0.11 -0.02 -0.05 -0.05 -0.28 0.04 -0.03 -0.06 -0.33 -0.20 -0.12 0.12 -0.47
-0.52 0.31 -0.15 0.05 -0.29 1.59 0.39 -0.42 -0.16 0.36 0.08 0.05 0.49
-0.19 0.06 0.18 -0.02 0.01 -0.09 -0.08 0.00 -0.01 0.18 0.02 -0.02 0.04
-0.00 -0.17 -0.40 -0.99 -0.71 -0.11 -0.18 0.54 0.07 -0.00 0.49 -0.20 0.38
-0.24 -0.02 0.04 -0.02 -0.07 0.30 -0.04 -0.04 -0.02 0.17 -0.04 -0.01 0.39
0.01 0.07 -0.27 -0.09 -0.44 -0.00 0.28 0.00 -0.19 -0.26 -0.06 -0.33 -0.34
-0.16 -0.03 -0.06 -0.06 -0.32 0.01 -0.15 0.15 -0.53 0.06 -0.06 -0.05 -0.35
-0.09 0.05 -0.09 0.02 0.07 -0.11 0.16 -0.02 -0.03 -0.01 0.15 0.05 0.04
-0.27 0.07 0.19 -0.04 0.01 0.47 -0.06 0.02 -0.09 0.50 0.03 0.01 0.39
-0.25 -0.02 0.04 -0.02 -0.07 0.15 -0.04 -0.03 -0.06 0.37 0.11 -0.01 0.47
-0.16 0.06 0.14 0.00 -0.25 -0.02 0.66 -0.01 -0.07 -0.00 0.04 0.08 -0.10
-0.09 -0.00 0.00 -0.06 0.06 -0.08 -0.23 -0.08 -0.05 -0.33 -0.12 0.01 -0.01
-0.17 0.31 -0.48 0.02 -0.52 0.84 0.88 -0.51 -0.01 0.01 0.08 0.03 0.75
-0.32 -0.05 0.02 0.02 -0.00 0.92 0.13 -0.37 -0.23 0.15 -0.04 0.08 0.43
-0.05 -0.02 -0.05 -0.05 -0.21 -0.01 -0.04 -0.06 -0.33 -0.20 -0.12 0.10 -0.41
-0.14 -0.02 -0.07 -0.06 -0.40 -0.07 -0.11 0.09 -0.56 0.05 -0.03 -0.06 -0.50
-0.28 -0.05 0.00 0.02 -0.00 0.36 -0.14 0.09 -0.19 0.08 0.01 0.08 0.48
-0.25 0.03 0.11 -0.00 -0.03 0.08 -0.05 0.12 -0.07 0.23 -0.01 -0.02 0.17
-0.07 -0.02 -0.28 -0.05 -0.24 -0.50 0.00 0.04 0.12 0.03 -0.16 -0.05 -0.30
-0.24 -0.02 0.03 -0.02 -0.05 0.17 -0.01 -0.00 -0.07 0.41 -0.01 -0.01 0.31
0.04 -0.09 0.42 0.01 0.10 0.00 -0.48 -0.14 0.05 -0.01 -0.20 -0.02 -0.23
-0.25 -0.12 0.07 -0.02 -0.09 0.03 -0.04 -0.04 -0.05 0.11 0.23 -0.00 0.49
0.05 -0.09 0.57 0.01 0.04 -0.05 -0.39 -0.14 0.07 0.06 -0.05 -0.01 -0.28
-0.10 -0.01 -0.10 -0.02 0.02 -0.07 -0.28 -0.00 0.02 -0.23 0.13 -0.01 0.04
0.00 0.00 -0.27 0.06 -0.52 -0.20 0.34 0.25 0.10 0.05 0.02 -0.07 -0.01
-0.07 -0.00 0.00 -0.06 0.06 -0.12 -0.31 0.00 -0.05 -0.33 -0.12 0.01 -0.05
0.01 0.07 -0.27 -0.09 -0.65 0.00 0.28 0.00 -0.19 -0.26 -0.06 -0.34 -0.28
-0.10 -0.13 0.26 0.07 0.01 -0.02 0.07 -0.10 -0.10 -0.07 -0.73 -0.09 0.10
-0.52 0.03 -0.12 0.05 -0.21 1.12 0.26 -0.12 -0.16 0.38 0.52 0.05 0.50
-0.08 -0.18 -0.48 0.07 -0.30 1.25 -0.31 0.01 0.02 0.30 0.12 -0.02 0.97
-0.04 -0.01 -0.08 -0.02 -0.17 0.17 -0.00 0.13 0.06 0.39 0.00 -0.03 0.18
-0.05 -0.01 -0.37 0.01 -0.16 -0.07 0.60 0.05 -0.04 -0.16 0.15 0.01 -0.00
-0.23 0.03 0.04 -0.00 -0.02 -0.16 -0.09 0.05 -0.05 0.15 -0.03 -0.02 0.11
-0.25 -0.03 0.07 -0.00 -0.04 0.19 0.01 0.08 -0.06 0.15 -0.01 -0.02 0.12
0.02 -0.04 0.08 -0.01 -0.09 0.05 -0.31 0.14 0.65 -0.38 -0.46 0.09 0.44
-0.33 -0.09 -0.11 -0.04 -0.41 0.07 -0.47 0.23 0.24 0.40 -0.46 0.05 -0.31
-0.52 0.19 -0.13 0.05 -0.29 0.51 0.41 -0.21 -0.31 0.28 0.42 0.03 0.52
-0.37 -0.00 -0.55 -0.13 -0.47 0.41 -0.02 0.34 -0.21 0.57 -0.35 0.00 -0.62
-0.00 -0.10 0.30 0.02 0.22 0.02 -0.40 -0.03 -0.06 -0.06 -0.19 0.00 -0.13
-0.20 -0.05 -0.02 -0.25 0.00 -0.06 -0.23 0.34 -0.15 0.00 0.69 -0.04 0.42
0.01 -0.04 -0.35 0.00 -0.04 0.04 -0.05 0.01 0.25 -0.02 -0.35 0.01 -0.02
-0.12 -0.03 -0.06 -0.06 -0.32 -0.01 -0.17 0.15 -0.53 0.06 -0.06 -0.05 -0.29
-0.11 -0.00 0.00 -0.06 -0.14 -0.12 -0.05 0.13 -0.03 -0.04 -0.03 0.02 -0.01
-0.10 -0.00 0.00 -0.06 -0.14 -0.15 -0.05 0.09 -0.03 -0.04 -0.03 0.02 -0.05
0.02 -0.13 -0.18 0.09 0.13 0.30 0.00 0.18 0.59 -0.52 -0.55 0.05 0.06
-0.25 -0.02 0.06 -0.00 -0.04 -0.12 -0.03 0.15 -0.06 0.20 0.04 -0.02 0.07
-0.04 0.00 0.08 -0.02 0.11 -0.00 -0.06 -0.12 0.22 -0.39 -0.15 -0.17 -0.17
-0.10 0.08 -0.29 -0.09 -0.43 0.01 0.12 -0.07 -0.25 -0.27 -0.02 -0.18 -0.03
-0.01 -0.18 -0.39 0.09 -0.16 -0.20 0.54 0.14 0.07 0.01 -0.13 -0.12 0.17
-0.02 -0.01 0.25 0.05 0.15 -0.12 -0.03 -0.06 -0.00 0.00 -0.22 -0.00 -0.01
-0.13 0.03 -0.01 -0.04 0.09 -0.06 -0.17 0.07 -0.17 -0.06 -0.10 0.08 0.03
-0.10 -0.03 -0.13 0.03 -0.15 0.07 0.33 -0.00 0.01 0.18 0.03 0.00 0.15
-0.23 -0.08 0.33 -0.09 0.21 0.22 -0.18 -0.18 -0.03 0.24 -0.18 -0.02 0.28
-0.52 0.27 -0.14 0.05 -0.23 0.56 0.32 -0.39 -0.20 0.25 0.21 0.05 0.42
-0.17 -0.05 -0.43 0.02 -0.22 1.55 0.24 0.08 -0.01 0.72 0.04 0.04 0.75
-0.03 -0.02 -0.05 -0.05 -0.27 0.01 -0.07 -0.05 -0.33 -0.21 -0.12 0.09 -0.17
0.00 0.07 -0.27 -0.09 -0.65 -0.00 0.24 0.00 -0.19 -0.26 -0.06 -0.31 -0.23
-0.03 0.06 -0.75 -0.07 0.14 1.00 -1.23 0.14 -0.01 0.30 1.06 0.10 0.27
-0.27 0.07 0.17 -0.04 0.01 0.54 -0.03 0.01 -0.11 0.32 0.03 0.01 0.36
-0.18 -0.01 0.06 -0.01 0.00 -0.24 0.06 -0.01 -0.05 0.16 0.01 -0.09 0.07
-0.14 0.01 -0.46 -0.03 0.06 1.23 0.31 0.10 -0.02 0.49 0.24 0.08 1.03
-0.11 0.03 0.14 0.03 -0.22 -0.05 0.24 0.00 0.02 0.20 -0.01 0.00 0.13
-0.52 0.09 -0.08 0.05 -0.23 0.48 0.23 -0.14 -0.09 0.15 0.34 0.05 0.20
0.01 0.04 -0.26 -0.07 -0.27 0.17 -0.03 -0.02 0.43 -0.13 -0.30 -0.08 -0.08
-0.19 0.03 0.01 -0.02 -0.01 -0.13 -0.01 0.01 -0.06 0.23 0.00 -0.01 0.42
-0.27 -0.04 0.17 0.61 0.02 0.94 -0.12 -0.03 -0.06 0.45 0.17 0.00 0.50
-0.11 0.03 0.14 0.03 -0.22 0.08 0.09 0.00 0.02 0.20 -0.01 0.00 0.09
-0.10 0.10 -0.11 -0.02 -0.01 -0.12 0.05 0.00 -0.12 -0.11 0.45 -0.08 -0.03
-0.14 0.01 -0.46 -0.03 0.24 1.28 -0.42 0.17 -0.02 0.49 0.24 0.07 0.58
-0.17 0.25 -0.48 0.02 -0.52 0.98 0.49 -0.46 -0.01 0.26 0.34 0.04 0.55
-0.00 0.09 0.25 -0.05 -0.02 0.00 -0.10 -0.22 -0.13 0.00 -0.10 -0.71 -0.26
-0.15 0.03 -0.07 -0.03 0.03 -0.18 0.03 0.02 -0.05 0.00 0.24 0.00 0.40
-0.02 0.02 0.13 -0.03 -0.28 -0.03 -0.19 0.04 -0.06 -0.00 0.12 0.03 -0.03
-0.24 -0.02 0.04 -0.02 -0.07 0.13 -0.05 -0.03 -0.02 0.17 -0.04 -0.01 0.43
0.00 -0.13 -0.18 0.09 0.06 0.00 0.10 -0.02 0.59 -0.52 -0.55 0.08 0.13
0.01 0.05 0.11 -0.07 -0.09 -0.01 -0.07 0.01 -0.03 0.00 0.09 -0.29 0.02
-0.32 -0.05 0.01 0.02 -0.00 0.36 0.11 -0.10 -0.23 0.13 -0.01 0.07 0.36
-0.21 0.03 0.06 0.07 -0.02 0.20 0.04 0.02 -0.02 0.12 0.03 -0.02 0.07
-0.15 -0.02 -0.05 -0.05 -0.31 0.01 -0.09 -0.05 -0.33 -0.20 -0.12 0.12 -0.25
-0.04 0.14 -0.21 0.04 -0.38 -0.15 0.09 0.09 0.05 0.07 -0.13 -0.03 -0.01
-0.18 -0.01 0.06 -0.01 0.00 -0.11 0.15 0.06 -0.05 0.16 0.01 -0.09 0.06
0.00 0.07 -0.27 -0.09 -0.44 -0.00 0.24 0.00 -0.19 -0.26 -0.06 -0.29 -0.23
-0.12 -0.02 -0.28 -0.05 -0.24 -0.05 0.00 0.04 0.12 0.03 -0.16 -0.04 -0.16
-0.40 0.01 -0.13 -0.03 0.03 0.59 -0.09 0.28 -0.32 -0.04 -0.29 0.20 0.34
-0.17 -0.09 -0.11 -0.04 -0.41 0.02 -0.43 0.23 0.24 0.40 -0.46 0.05 -0.21
-0.52 -0.05 -0.06 0.05 -0.16 1.49 0.06 -0.10 -0.27 0.33 0.10 0.05 0.54
-0.81 -0.00 -0.55 -0.13 -0.34 0.47 -0.03 0.43 -0.21 0.57 -0.35 0.02 -0.38
-0.24 0.09 -0.16 0.81 0.05 -0.07 -0.20 0.02 -0.06 -0.17 -0.07 0.07 -0.11
-0.14 0.02 -0.11 -0.00 0.00 -0.12 -0.12 0.02 -0.14 -0.19 0.14 0.04 0.04
-0.00 0.09 0.25 -0.05 -0.02 0.01 -0.10 -0.21 -0.13 0.00 -0.10 -0.72 -0.07
-0.04 0.09 -0.23 0.03 -0.35 -0.13 0.16 0.21 0.07 0.09 -0.12 -0.01 -0.00
0.01 -0.05 -0.86 2.20 -2.00 -0.00 0.00 0.34 -0.27 0.53 -0.60 -0.09 -0.07
-0.10 -0.01 -0.10 -0.02 0.02 -0.25 -0.30 -0.00 0.02 -0.23 0.13 -0.00 0.07
-0.21 0.06 0.04 -0.02 0.00 -0.02 0.20 0.01 -0.03 -0.05 0.01 -0.03 0.04
-0.25 -0.04 0.05 -0.02 -0.08 0.13 -0.04 -0.02 -0.04 0.24 0.12 -0.01 0.40
-0.13 0.03 -0.01 -0.04 0.09 -0.02 -0.14 0.05 -0.17 -0.06 -0.10 0.08 0.00
-0.02 -0.02 -0.05 -0.05 -0.27 -0.02 -0.07 -0.04 -0.33 -0.20 -0.12 0.13 -0.30
-0.21 -0.15 0.08 0.14 -0.03 -0.02 0.15 0.06 -0.03 0.08 0.01 -0.23 0.07
-0.27 0.07 0.16 -0.04 0.01 -0.20 -0.13 0.01 -0.06 0.26 0.09 0.01 0.13
-0.44 0.03 0.25 -0.02 0.33 0.80 0.35 -1.18 -0.14 0.01 -0.20 0.08 0.77
-0.21 0.06 0.04 -0.02 0.00 -0.05 0.06 0.01 -0.03 -0.05 0.01 -0.03 0.01
-0.04 0.09 -0.31 -0.11 -0.18 0.00 0.05 0.05 -0.08 0.00 0.43 -0.08 0.12
-0.09 -0.10 0.30 0.02 0.25 0.02 -0.58 -0.04 -0.07 -0.06 -0.19 0.00 -0.44
-0.03 -0.03 -0.25 0.01 -0.00 -0.04 0.00 -0.02 0.00 0.06 -0.04 -0.02 -0.01
-0.08 0.09 -0.81 0.03 0.49 1.06 -0.92 0.10 0.05 0.45 0.54 0.01 0.67
-0.24 0.05 -0.03 0.04 -0.00 -0.14 -0.04 0.04 -0.13 0.08 -0.10 0.04 0.28
0.00 0.09 -0.51 1.41 -0.39 0.04 0.21 0.17 0.01 -0.78 -0.21 0.00 0.55
-0.11 0.15 -0.24 0.03 -0.31 0.12 0.25 -0.00 0.02 0.08 -0.01 0.00 0.12
-0.07 -0.32 0.78 0.10 0.83 0.16 -1.19 0.01 0.21 -0.22 -0.65 0.06 0.40
0.05 -0.09 0.42 0.01 0.10 -0.06 -0.40 -0.15 0.05 -0.01 -0.20 -0.01 -0.23
-0.16 0.12 -0.38 0.02 -0.40 0.65 0.76 -0.35 -0.01 0.02 0.19 0.02 0.69
-0.23 -0.17 0.10 -0.03 -0.10 0.17 -0.14 0.30 -0.02 -0.02 0.00 -0.01 0.39
-0.32 -0.16 0.39 0.15 -0.18 -0.15 -0.01 0.32 -0.18 0.13 0.15 -0.08 0.03
0.05 -0.09 0.57 0.01 0.04 -0.11 -0.44 -0.17 0.07 0.06 -0.05 -0.00 -0.78
-0.17 0.29 -0.41 0.02 -0.53 0.79 0.77 -0.46 -0.01 0.41 0.18 0.04 0.44
-0.09 0.02 -0.11 -0.00 0.00 -0.08 -0.25 -0.00 -0.14 -0.19 0.14 -0.16 0.14
-0.23 0.08 -0.61 -0.14 -0.31 0.58 0.35 0.25 0.06 0.11 -0.28 -0.66 -0.80
-0.05 -0.03 -0.05 -0.06 -0.31 0.06 -0.17 0.15 -0.52 0.06 -0.06 -0.05 -0.28
-0.13 0.01 -0.37 -0.09 -0.14 0.22 -0.00 0.10 0.13 0.11 -0.34 -0.55 -0.26
-0.14 -0.04 -0.24 0.02 -0.16 2.06 -0.08 -0.00 -0.00 0.33 0.06 0.03 0.93
0.05 -0.09 0.42 0.01 0.10 -0.07 -0.43 -0.11 0.05 -0.01 -0.20 -0.02 -0.13
-0.08 -0.00 0.00 -0.06 0.06 -0.10 -0.28 0.00 -0.05 -0.33 -0.12 0.00 -0.03
-0.05 -0.34 0.35 0.18 -0.13 0.48 -0.32 0.03 0.26 -0.40 -0.70 -0.02 0.71
-0.24 0.02 0.05 -0.00 -0.04 -0.14 -0.13 0.10 -0.07 0.21 0.01 -0.02 0.07
-0.09 -0.00 0.36 -0.13 0.50 -0.08 -0.13 -0.40 0.01 0.03 -0.29 -0.03 -0.23
-0.52 0.33 -0.15 0.05 -0.29 1.13 0.44 -0.33 -0.23 0.00 0.21 0.06 0.51
-0.10 0.02 -0.14 0.03 -0.22 -0.04 0.32 -0.00 0.02 0.28 0.00 0.00 0.12
-0.51 0.16 -0.09 0.05 -0.29 0.44 0.38 -0.30 -0.12 0.23 0.27 0.02 0.20
-0.27 0.09 0.09 0.81 0.00 -0.17 -0.22 0.03 -0.18 -0.22 -0.13 0.07 -0.07
-0.16 0.06 -0.02 0.00 -0.30 -0.03 0.65 -0.03 -0.09 -0.01 0.13 0.04 -0.09
-0.19 -0.02 0.11 -0.02 0.04 -0.18 -0.00 -0.00 -0.07 0.06 -0.10 -0.04 0.18
-0.10 -0.02 -0.06 -0.06 -0.50 -0.03 -0.10 0.07 -0.56 0.05 -0.03 0.19 -0.31
-0.15 -0.08 0.05 0.09 -0.04 0.14 -0.01 -0.03 -0.09 -0.06 -0.16 -0.08 0.00
0.00 -0.00 0.00 -0.00 0.00 -0.00 0.00 -0.00 0.00 0.00 0.00 -0.00 -0.00
-0.19 0.03 0.23 -0.06 0.12 -0.13 -0.05 -0.09 -0.08 0.09 -0.04 -0.02 0.17
-0.06 -0.02 -0.05 -0.05 -0.27 -0.03 -0.04 -0.03 -0.33 -0.20 -0.12 0.13 -0.20
-0.27 0.07 -0.06 -0.04 0.00 0.24 0.11 0.01 -0.06 0.30 0.10 0.01 0.15
-0.13 0.02 -0.11 -0.00 0.00 -0.10 -0.18 0.02 -0.14 -0.19 0.14 -0.08 0.08
-0.03 -0.00 -0.55 -0.13 -0.24 0.12 -0.02 0.25 -0.21 0.57 -0.35 0.00 -0.44
-0.50 -0.05 0.04 0.05 -0.22 0.63 0.31 -0.18 -0.20 0.23 0.36 0.06 0.40
0.01 0.06 0.21 -0.07 -0.44 -0.03 -0.16 -0.10 -0.01 0.00 -0.09 -0.58 -0.10
-0.23 -0.03 0.10 -0.02 0.00 -0.20 0.08 0.02 -0.06 0.19 -0.24 -0.06 0.22
-0.18 -0.00 -0.55 -0.13 -1.12 0.32 -0.03 0.44 -0.21 0.57 -0.35 -0.00 -0.55
0.05 -0.09 0.42 0.01 0.10 -0.07 -0.48 -0.17 0.05 -0.01 -0.20 -0.02 -0.46
-0.25 0.11 -0.01 0.48 0.04 -0.24 -0.02 -0.00 -0.17 -0.12 0.02 0.06 0.09
-0.16 0.10 0.07 -0.13 0.13 -0.03 -0.11 0.15 -0.16 -0.01 -0.30 0.06 0.03
-0.03 0.00 0.03 0.00 0.02 -0.04 -0.03 0.03 -0.02 -0.01 -0.03 0.00 -0.01
-0.25 -0.06 0.11 -0.00 -0.05 0.11 -0.11 0.26 -0.09 0.09 -0.03 -0.02 0.16
-0.03 0.00 0.03 0.00 0.02 -0.02 -0.04 0.03 -0.02 -0.01 -0.03 0.00 -0.02
-0.10 -0.03 -0.02 0.03 -0.16 -0.07 0.16 -0.00 0.02 0.19 0.00 0.00 0.06
-0.12 -0.09 0.29 0.01 0.27 -0.08 -0.42 -0.16 -0.15 -0.09 -0.12 -0.02 -0.56
-0.16 0.12 -0.38 0.02 -0.40 0.89 0.48 -0.10 -0.01 0.02 0.19 0.04 0.66
0.09 0.01 0.02 -0.09 0.25 0.22 0.10 0.01 -0.02 0.01 -0.02 -0.01 -1.09
-0.17 0.31 -0.42 0.02 -0.47 1.75 0.59 -0.17 -0.01 0.61 0.22 0.03 0.90
-0.28 -0.05 0.01 -0.25 -0.00 0.46 0.02 0.03 -0.05 0.08 0.20 0.00 0.27
-0.08 -0.04 0.03 -0.06 0.05 0.20 0.08 0.08 0.01 0.43 0.02 0.00 0.38
-0.04 0.00 -0.16 0.03 -0.32 -0.12 0.15 0.10 0.04 0.06 0.03 -0.01 -0.00
-0.09 -0.00 0.00 -0.06 0.06 -0.06 -0.27 -0.05 -0.05 -0.33 -0.11 0.02 -0.02
-0.32 0.06 0.09 0.24 0.00 -0.35 0.12 0.11 -0.22 -0.16 -0.01 0.14 -0.00
-0.22 0.07 0.11 -0.04 0.01 0.22 0.08 0.01 -0.02 0.23 0.05 0.01 0.26
0.04 -0.09 0.42 0.01 0.10 -0.10 -0.42 -0.15 0.05 -0.01 -0.20 -0.02 -0.30
-0.26 0.07 0.02 -0.04 0.00 0.29 0.09 0.03 -0.05 -0.07 0.03 0.01 0.13
-0.04 -0.02 -0.11 -0.05 -0.06 0.79 -0.33 0.44 -0.09 0.00 0.77 0.02 0.92
-0.16 0.09 -0.62 -0.14 -0.42 0.28 0.26 0.14 0.00 0.09 -0.24 -0.10 -0.05
-0.07 -0.02 -0.07 -0.06 -0.38 -0.03 -0.03 0.09 -0.56 0.05 -0.03 0.03 -0.47
-0.52 0.25 -0.13 0.05 -0.24 1.22 0.44 -0.13 -0.23 0.31 0.02 0.05 0.67
-0.27 -0.15 0.10 0.61 0.02 0.32 -0.23 -0.01 -0.08 0.36 0.04 0.01 0.47
-0.01 -0.10 0.30 0.02 0.29 -0.01 -0.46 -0.04 -0.06 -0.06 -0.19 -0.00 -0.10
-0.10 0.06 0.12 0.00 -0.22 -0.13 0.23 0.01 -0.04 -0.00 0.05 0.06 -0.12
-0.06 -0.06 0.04 -0.04 0.03 -0.06 -0.11 -0.01 0.02 -0.22 0.01 -0.03 -0.18
-0.24 -0.01 0.03 -0.05 0.01 0.07 0.01 0.04 -0.13 0.21 0.01 0.01 0.26
-0.08 -0.06 -0.35 0.05 -0.06 -0.17 0.19 0.06 -0.06 -0.21 0.33 -0.01 0.05
-0.25 -0.09 0.05 -0.02 -0.09 -0.07 -0.03 -0.03 -0.04 0.25 0.12 -0.01 0.35
-0.44 -0.02 -0.07 -0.06 -0.38 -0.13 -0.11 0.09 -0.56 0.05 -0.03 0.43 -0.66
-0.11 -0.00 0.00 -0.06 -0.14 -0.05 -0.12 0.12 -0.03 -0.04 -0.03 0.02 -0.01
-0.48 -0.05 -0.07 0.05 -0.09 2.34 0.43 0.04 -0.05 0.20 0.16 0.03 0.55
-0.27 -0.03 -0.14 0.02 -0.01 1.65 -0.12 0.23 -0.20 0.00 0.77 0.03 0.69
-0.26 0.04 0.03 0.02 0.03 -0.11 0.14 -0.19 -0.16 0.04 -0.08 0.06 0.21
-0.31 -0.12 -0.01 0.01 -0.02 0.80 -0.49 0.45 -0.38 0.05 -0.90 0.09 0.86
-0.36 -0.09 -0.12 -0.04 -0.18 0.01 -0.35 0.21 0.24 0.40 -0.46 0.04 -0.04
0.07 -0.11 -0.14 0.03 -0.04 0.00 0.35 0.02 -0.02 -0.05 -0.11 -0.02 -0.01
-0.00 0.04 0.11 -0.04 -0.25 -0.05 -0.07 -0.09 -0.03 0.00 -0.03 -0.01 -0.12
-0.18 0.11 0.20 0.47 -0.18 -0.62 0.03 -0.03 -0.14 -0.00 -0.46 -0.03 -0.01
-0.14 0.12 -0.16 -0.03 0.00 -0.11 0.15 0.00 -0.17 -0.17 0.52 0.07 -0.27
-0.25 -0.09 0.06 -0.03 -0.04 0.29 -0.01 -0.02 -0.05 0.08 0.05 -0.01 0.35
-0.13 0.03 -0.01 -0.04 0.09 -0.01 -0.16 0.06 -0.17 -0.06 -0.10 0.07 0.02
-0.55 -0.00 -0.55 -0.13 -0.81 0.89 -0.03 0.51 -0.21 0.57 -0.35 -0.00 -0.54
0.04 -0.09 0.42 0.01 0.10 -0.02 -0.47 -0.17 0.05 -0.01 -0.20 -0.02 -0.31
-0.08 -0.18 -0.48 0.07 -0.28 1.19 -0.12 -0.03 0.02 0.30 0.12 -0.03 1.04
-0.14 0.01 -0.46 -0.03 0.24 0.95 -0.27 0.17 -0.02 0.49 0.24 0.09 0.33
-0.01 -0.07 -0.14 -0.05 -0.63 0.25 -0.38 0.09 0.18 0.38 -0.40 0.02 0.18
-0.16 -0.07 0.03 0.08 -0.01 -0.18 0.02 0.00 -0.06 -0.08 0.00 -0.07 0.09
-0.01 -0.14 0.08 0.06 0.07 0.10 -0.03 -0.08 0.02 -0.18 -0.04 -0.06 0.15
-0.52 -0.03 -0.06 -0.06 -0.38 -0.08 -0.17 0.15 -0.53 0.06 -0.06 -0.03 -0.32
-0.22 -0.04 0.06 -0.03 -0.08 0.08 -0.08 0.17 -0.01 0.18 -0.02 -0.02 0.17
-0.25 -0.05 0.04 -0.02 -0.07 -0.20 -0.04 -0.03 -0.09 0.23 0.10 -0.00 0.30
-0.14 -0.07 -0.13 -0.05 -0.42 0.18 -0.40 0.11 0.15 0.37 -0.39 0.03 -0.33
-0.22 -0.06 0.08 0.13 -0.04 -0.18 0.01 0.01 -0.17 -0.19 0.03 -0.13 -0.08
-0.19 0.04 0.09 -0.03 -0.03 -0.21 -0.16 0.04 -0.03 -0.05 0.05 -0.02 0.12
-0.25 0.03 -0.02 -0.02 -0.07 0.18 -0.02 -0.02 -0.06 0.26 0.16 -0.01 0.33
-0.21 -0.02 0.07 0.07 0.02 -0.18 -0.04 0.00 -0.08 0.12 -0.00 -0.01 -0.01
-0.09 -0.18 -0.48 0.07 -0.30 1.96 -0.65 0.05 0.02 0.30 0.12 -0.03 1.25
-0.09 0.00 0.08 -0.02 0.11 -0.00 -0.10 -0.19 0.22 -0.39 -0.15 -0.52 -0.12
-0.32 -0.05 0.01 0.02 -0.01 0.76 0.22 -0.37 -0.22 0.15 -0.04 0.08 0.58
-0.22 -0.20 0.33 -0.03 0.21 0.18 -0.19 -0.04 -0.09 0.11 0.14 -0.00 0.26
-0.02 -0.12 -0.72 0.09 0.03 -0.01 0.16 0.14 0.15 -0.02 -0.05 -0.12 0.05
-0.17 0.03 -0.39 0.02 -0.38 1.53 0.06 -0.11 -0.01 0.64 0.21 0.03 0.81
-0.05 0.07 0.13 0.02 -0.19 -0.01 -0.15 -0.09 0.03 0.16 0.00 0.03 -0.00
-0.10 0.06 0.12 0.00 -0.22 -0.05 0.16 0.00 -0.04 -0.00 0.05 0.05 -0.08
-0.19 -0.01 0.45 -0.01 0.00 -0.28 0.14 0.05 -0.06 0.35 0.09 -0.08 -0.09
-0.55 -0.04 0.05 -0.09 -0.47 0.20 -0.34 0.29 -0.64 0.18 -0.10 -0.03 -0.25
0.01 -0.04 -0.35 0.00 0.03 0.05 -0.05 -0.02 0.25 -0.02 -0.35 0.03 0.07
-0.51 0.11 -0.07 0.05 -0.20 0.93 0.21 -0.04 -0.20 0.31 0.13 0.06 0.61
-0.10 -0.03 0.10 0.03 -0.29 -0.16 0.16 -0.00 0.02 0.17 -0.06 0.00 0.04
-0.03 -0.10 0.30 0.02 0.25 -0.02 -0.64 -0.04 -0.07 -0.06 -0.19 0.00 -0.25
-0.32 -0.16 0.39 0.15 -0.18 0.82 0.03 0.30 -0.18 0.13 0.15 -0.07 0.07
-0.07 -0.10 0.30 0.02 0.22 0.26 -0.62 -0.03 -0.06 -0.06 -0.19 0.00 -0.26
-0.25 -0.03 0.05 -0.02 -0.08 0.31 -0.03 -0.01 -0.06 0.28 -0.03 -0.01 0.47
-0.27 -0.11 0.20 -0.04 0.02 0.38 0.01 0.01 -0.04 0.43 0.00 0.01 0.27
-0.03 0.07 -0.76 -0.07 0.14 1.01 -1.49 0.15 -0.01 0.30 1.06 0.07 0.96
-0.18 -0.00 0.13 -0.05 0.05 -0.14 0.13 -0.13 0.10 0.13 0.07 -0.11 -0.02
-0.21 -0.12 0.41 -0.02 0.01 0.42 -0.87 0.09 -0.18 0.06 -0.23 0.03 -0.07
-0.21 0.03 0.11 -0.00 0.02 -0.14 -0.13 0.02 -0.08 0.10 -0.00 -0.01 -0.00
-0.03 -0.07 0.08 -0.16 -0.30 0.12 -0.09 0.12 -0.05 0.29 0.54 0.07 -0.25
-0.19 -0.18 0.42 0.17 -0.18 -0.14 -0.09 0.06 -0.02 0.03 -0.14 -0.13 -0.01
-0.07 -0.24 -0.14 0.01 -0.09 -0.03 -0.37 0.10 0.17 0.64 -0.76 0.02 -0.28
-0.09 0.02 -0.18 0.05 -0.23 -0.06 0.01 0.37 0.01 0.06 0.10 -0.02 -0.15
-0.50 -0.05 -0.06 0.05 -0.20 0.79 0.54 -0.16 -0.23 0.35 0.08 0.04 0.49
-0.05 0.02 -0.12 0.05 -0.17 -0.10 0.02 0.05 0.03 -0.01 0.01 -0.01 0.01
-0.18 -0.03 0.06 -0.03 -0.04 -0.17 -0.08 0.09 -0.03 0.29 0.05 -0.03 -0.04
-0.24 0.09 -0.01 0.81 0.07 -0.47 -0.27 -0.00 -0.22 -0.22 0.01 0.07 -0.13
-0.09 -0.10 0.30 0.02 0.19 0.02 -0.64 -0.05 -0.07 -0.06 -0.19 0.00 -0.49
-0.16 -0.10 0.30 0.02 0.19 0.01 -0.64 -0.05 -0.07 -0.06 -0.19 0.01 -0.49
-0.05 -0.10 0.30 0.02 0.22 -0.07 -0.54 -0.05 -0.07 -0.06 -0.19 -0.00 -0.20
0.05 -0.09 0.57 0.01 0.04 -0.07 -0.46 -0.15 0.07 0.06 -0.05 -0.01 -0.68
-0.27 -0.05 0.01 -0.25 -0.00 0.63 -0.09 0.09 -0.05 0.08 0.20 0.07 0.16
-0.24 -0.03 0.07 -0.00 -0.03 0.09 -0.00 0.18 -0.02 0.15 -0.03 -0.02 0.13
-0.10 -0.03 -0.06 -0.06 -0.32 0.03 -0.16 0.15 -0.53 0.06 -0.06 -0.05 -0.27
0.05 -0.09 0.42 0.01 0.10 0.02 -0.49 -0.14 0.05 -0.01 -0.20 -0.02 0.00
-0.51 0.13 -0.12 0.05 -0.22 0.81 0.23 0.00 -0.16 0.01 0.47 0.05 0.37
-0.08 -0.00 0.00 -0.06 0.06 -0.08 -0.33 -0.02 -0.05 -0.33 -0.12 0.02 -0.04
-0.24 0.03 0.03 -0.02 -0.06 -0.07 -0.05 -0.02 -0.07 0.39 0.04 -0.01 0.33
-0.09 -0.10 0.30 0.02 0.25 -0.01 -0.57 -0.04 -0.07 -0.06 -0.19 0.00 -0.24
-0.25 -0.01 0.07 -0.03 -0.01 0.20 -0.00 -0.00 -0.09 0.25 0.20 -0.01 0.49
-0.25 -0.16 0.07 -0.03 -0.08 -0.11 -0.02 -0.02 -0.08 0.13 0.24 -0.01 0.33
0.00 -0.00 0.00 -0.00 0.00 -0.00 0.00 -0.00 0.00 0.00 0.00 0.00 -0.00
-0.08 0.01 -0.37 -0.09 -0.14 -0.04 -0.00 0.09 0.13 0.11 -0.34 -0.40 0.03
-0.17 -0.05 -0.41 0.02 -0.37 1.53 0.51 0.05 -0.01 0.44 0.03 0.04 0.83
-0.25 -0.06 0.11 -0.00 -0.05 0.39 -0.16 0.26 -0.09 0.09 -0.03 -0.02 0.16
-0.51 0.08 -0.14 0.05 -0.16 1.58 0.23 -0.02 -0.09 0.37 0.01 0.05 0.36
-0.06 -0.01 -0.12 0.04 0.11 -0.21 0.23 -0.05 -0.00 -0.01 0.12 0.01 -0.01
-0.27 0.07 0.15 -0.04 0.01 0.39 0.04 0.02 -0.06 0.26 0.09 0.01 0.30
0.00 0.10 -0.78 1.98 -0.40 -0.10 0.44 0.43 0.20 -0.48 -0.38 0.01 0.78
-0.17 0.29 -0.37 0.02 -0.55 1.16 0.55 -0.33 -0.01 0.55 0.15 0.03 0.87
-0.06 0.13 0.25 0.07 -0.36 -0.03 -0.16 -0.01 0.06 0.18 0.00 -0.04 0.09
-0.02 -0.15 -0.53 -0.09 0.17 0.00 -0.41 0.32 -0.24 0.82 -0.66 -0.01 -0.02
-0.26 0.07 0.18 -0.04 0.02 0.23 -0.07 0.01 -0.11 0.30 0.02 -0.00 0.31
-0.40 -0.09 -0.12 -0.04 -0.08 0.07 -0.05 0.10 0.24 0.40 -0.46 0.01 -0.46
-0.05 0.10 -0.20 -0.14 -0.19 0.05 -0.09 0.07 -0.11 0.00 0.54 -0.07 0.14
-0.03 0.00 -0.15 0.03 -0.32 -0.10 0.04 0.18 0.06 0.06 0.03 -0.03 -0.02
-0.27 -0.11 0.20 -0.04 0.02 0.22 -0.06 0.01 -0.04 0.43 0.00 0.01 0.19
-0.10 -0.00 0.01 -0.06 0.44 -0.15 -0.28 -0.18 -0.06 -0.58 0.03 0.02 -0.10
-0.17 0.09 -0.48 0.02 -0.38 0.95 0.31 -0.43 -0.01 0.41 0.17 0.04 0.66
-0.25 -0.00 -0.55 -0.13 -0.88 0.58 -0.03 0.51 -0.21 0.57 -0.35 -0.00 -1.12
-0.16 -0.07 -0.13 -0.05 -0.40 0.17 -0.43 0.12 0.15 0.37 -0.39 0.02 -0.54
-0.23 0.05 -0.01 0.04 -0.03 -0.18 -0.01 -0.02 -0.21 -0.38 0.02 0.03 0.42
-0.49 0.03 -0.12 0.05 -0.21 0.86 0.30 -0.02 -0.16 0.38 0.52 0.06 0.49
-0.09 0.07 0.02 -0.06 -0.03 0.31 0.03 0.03 0.00 0.30 0.00 0.00 0.42
-0.00 0.02 0.02 -0.03 -0.22 -0.07 -0.04 -0.10 -0.01 0.00 0.12 -0.00 -0.37
-0.01 -0.09 0.33 0.01 0.43 -0.13 -0.51 -0.19 0.04 0.00 0.28 -0.02 -0.73
-0.26 0.05 0.28 -0.05 0.07 0.00 -0.21 -0.05 -0.10 0.19 -0.22 -0.01 0.33
-0.10 0.07 0.04 -0.06 -0.04 0.54 0.04 0.05 0.02 0.65 0.00 0.00 0.34
-0.25 -0.08 -0.59 1.63 -1.67 0.04 -0.16 0.42 -0.54 0.72 -0.43 -0.05 -0.30
0.03 -0.09 0.42 0.01 0.10 0.00 -0.47 -0.13 0.05 -0.01 -0.20 -0.02 0.02
-0.08 -0.02 -0.05 -0.05 -0.27 0.03 -0.09 -0.04 -0.33 -0.20 -0.12 0.13 -0.28
-0.22 -0.02 -0.02 -0.02 -0.01 0.28 -0.06 -0.01 -0.13 0.12 -0.39 -0.05 0.47
-0.07 -0.06 -0.15 -0.18 -0.40 1.16 -0.50 0.26 -0.13 0.21 1.01 0.17 1.04
-0.23 0.03 0.03 -0.02 -0.04 0.08 -0.02 -0.01 -0.05 0.27 -0.07 -0.01 0.41
-0.17 0.31 -0.42 0.02 -0.47 1.57 0.57 -0.17 -0.01 0.61 0.22 0.04 0.81
-0.32 -0.05 0.01 0.02 -0.00 0.09 0.19 -0.16 -0.23 0.13 -0.01 0.08 0.18
-0.02 -0.04 -0.28 -0.00 -0.02 -0.04 0.01 0.02 0.12 0.01 -0.04 -0.03 -0.02
0.03 0.01 0.38 -0.05 -0.03 -0.10 -0.22 -0.23 -0.01 -0.33 -0.12 0.07 -0.34
-0.27 -0.10 0.30 0.02 0.25 -0.12 -0.48 -0.05 -0.07 -0.06 -0.19 0.00 -0.61
0.01 -0.00 -0.12 -0.03 -0.15 -0.10 0.01 -0.07 0.07 -0.13 -0.17 -0.22 -0.14
-0.01 0.01 0.08 -0.02 0.11 0.01 -0.08 -0.15 0.21 -0.39 -0.14 -0.20 -0.18
-0.53 -0.00 -0.55 -0.13 -1.12 0.80 -0.02 0.46 -0.21 0.57 -0.35 0.01 -0.91
-0.32 -0.16 0.35 0.15 -0.18 0.10 0.01 0.19 -0.21 0.08 0.15 -0.07 0.04
-0.25 -0.03 0.05 -0.02 -0.08 -0.00 -0.03 -0.01 -0.06 0.28 -0.03 -0.01 0.38
-0.14 0.01 -0.46 -0.03 0.06 2.10 0.02 0.14 -0.02 0.49 0.24 0.07 0.57
-0.24 0.10 -0.02 0.01 -0.00 -0.22 -0.02 -0.02 -0.10 0.04 -0.13 0.06 0.08
0.06 -0.05 -0.86 1.38 -1.67 -0.04 0.06 0.34 0.14 0.29 -0.65 0.01 0.09
-0.51 0.27 -0.09 0.05 -0.27 1.43 0.34 -0.11 -0.20 0.32 -0.11 0.06 0.57
-0.17 0.33 -0.49 0.02 -0.49 0.52 0.45 -0.60 -0.01 0.51 0.19 0.04 0.80
0.01 0.07 -0.27 -0.09 -0.44 0.00 0.24 0.00 -0.19 -0.26 -0.06 -0.34 -0.24
-0.31 -0.05 0.01 0.02 -0.00 0.08 0.13 -0.12 -0.15 0.09 -0.21 0.08 0.34
-0.07 -0.06 -0.15 -0.18 -0.40 1.32 -0.40 0.34 -0.13 0.21 1.01 0.19 1.16
-0.10 -0.03 -0.06 -0.06 -0.32 0.04 -0.13 0.16 -0.53 0.06 -0.06 -0.01 -0.33
-0.02 -0.10 0.30 0.02 0.22 -0.00 -0.47 -0.03 -0.07 -0.06 -0.19 0.00 -0.30
-0.24 0.03 0.03 -0.02 -0.06 -0.10 -0.05 -0.02 -0.07 0.39 0.04 -0.01 0.43
-0.13 0.03 -0.01 -0.04 0.09 -0.06 -0.20 0.08 -0.17 -0.06 -0.10 0.08 0.02
-0.35 -0.00 -0.55 -0.13 -1.12 0.59 -0.03 0.43 -0.21 0.57 -0.35 -0.00 -0.91
-0.03 -0.31 -0.36 0.10 -0.03 -0.01 -0.39 0.32 0.10 0.67 -0.80 -0.09 -0.30
-0.30 0.03 0.01 -0.25 -0.00 1.51 0.15 -0.09 -0.23 0.15 -0.02 0.07 0.36
-0.04 -0.02 -0.05 -0.05 -0.27 0.03 -0.09 -0.05 -0.33 -0.20 -0.12 0.13 -0.22
-0.10 -0.03 -0.18 0.03 -0.13 -0.18 0.23 -0.00 0.01 0.19 0.02 0.00 0.05
-0.15 -0.00 -0.54 -0.13 -1.11 0.38 -0.03 0.40 -0.20 0.57 -0.35 -0.00 -0.42
-0.25 -0.02 0.04 -0.02 -0.07 -0.23 -0.04 -0.03 -0.06 0.37 0.11 -0.01 0.27
-0.11 -0.10 0.30 0.02 0.22 0.03 -0.64 -0.05 -0.06 -0.06 -0.19 -0.01 -0.15
-0.09 -0.10 0.30 0.02 0.25 0.04 -0.64 -0.04 -0.07 -0.06 -0.19 0.00 -0.40
0.05 -0.09 0.42 0.01 0.10 0.02 -0.49 -0.16 0.05 -0.01 -0.20 -0.02 -0.15
-0.52 0.27 -0.09 0.05 -0.27 0.94 0.34 -0.11 -0.20 0.32 -0.11 0.06 0.58
-0.15 0.07 -0.02 -0.10 0.03 0.09 -0.20 -0.03 -0.07 0.04 -0.07 0.01 -0.01
-0.31 -0.16 0.39 0.15 -0.18 0.25 0.04 0.26 -0.18 0.13 0.15 -0.08 0.07
0.00 0.10 -0.78 1.98 -0.40 -0.18 0.45 0.46 0.20 -0.48 -0.38 0.03 0.84
-0.05 -0.18 0.85 -1.08 0.32 2.34 -0.91 0.14 0.06 0.00 0.42 -0.03 1.23
-0.02 0.02 0.13 -0.03 -0.28 -0.17 -0.20 0.04 -0.06 -0.00 0.12 -0.04 -0.01
-0.18 -0.03 0.18 -0.06 0.13 -0.32 0.02 -0.09 -0.03 0.13 -0.08 -0.01 0.01
-0.17 0.26 -0.46 0.02 -0.48 1.32 0.85 -0.32 -0.01 0.19 0.22 0.04 0.87
-0.09 0.06 0.09 -0.15 0.08 -0.05 -0.26 -0.05 -0.04 -0.09 -0.32 -0.00 -0.04
-0.10 0.02 -0.11 -0.00 0.00 -0.13 -0.12 0.01 -0.14 -0.19 0.14 -0.19 0.26
0.05 -0.09 0.42 0.01 0.10 -0.09 -0.44 -0.16 0.05 -0.01 -0.20 -0.02 -0.24
-0.19 -0.01 0.45 -0.01 0.00 -0.06 0.00 0.03 -0.06 0.35 0.09 -0.07 -0.03
-0.04 -0.01 -0.54 -0.13 -0.47 -0.06 -0.06 0.33 -0.17 0.58 -0.38 0.01 -0.33
-0.08 -0.09 0.29 0.01 0.23 0.01 -0.49 -0.13 -0.15 -0.09 -0.12 0.03 -0.36
-0.25 -0.09 0.05 -0.02 -0.09 0.01 -0.02 -0.03 -0.04 0.25 0.12 -0.01 0.32
0.01 0.09 -0.26 -0.08 -0.17 0.01 0.18 -0.04 0.02 -0.31 -0.06 -0.67 -0.16
-0.28 -0.03 -0.06 -0.06 -0.38 -0.11 -0.17 0.15 -0.53 0.06 -0.06 -0.05 -0.56
-0.05 -0.10 0.30 0.02 0.22 0.00 -0.30 -0.03 -0.06 -0.06 -0.19 0.01 -0.09
0.02 -0.09 0.33 0.01 0.43 -0.21 -0.44 -0.19 0.04 0.00 0.28 -0.02 -0.90
-0.25 -0.09 0.07 -0.02 -0.10 0.11 -0.03 -0.03 -0.09 0.24 0.20 -0.01 0.28
-0.12 0.07 -0.86 -0.08 -0.23 -0.29 0.35 -0.03 0.00 -0.15 -0.11 -0.05 -0.17
-0.27 0.07 0.15 -0.04 0.01 0.01 0.03 0.01 -0.06 0.26 0.09 0.01 0.33
-0.10 0.07 0.04 -0.06 -0.06 0.41 -0.01 0.02 0.02 0.39 0.00 0.00 0.43
-0.10 -0.02 -0.18 0.05 -0.09 -0.09 0.01 0.09 0.03 0.10 0.15 -0.02 -0.11
-0.09 -0.10 0.30 0.02 0.22 -0.03 -0.61 -0.04 -0.07 -0.06 -0.19 0.01 -0.35
0.00 0.07 -0.27 -0.09 -0.11 -0.00 0.23 0.00 -0.19 -0.26 -0.06 -0.27 -0.14
-0.12 0.01 0.01 0.01 -0.01 -0.08 -0.07 0.07 -0.02 0.09 -0.00 -0.01 0.02
-0.17 0.04 -0.62 -0.03 -0.37 0.85 0.63 -0.35 -0.03 0.26 0.26 -0.01 0.44
-0.24 -0.04 0.05 -0.02 -0.08 0.07 -0.05 -0.03 -0.04 0.24 0.12 -0.01 0.47
-0.09 -0.34 0.35 0.18 0.65 -0.06 0.10 0.05 0.26 -0.40 -0.70 -0.02 -0.08
-0.09 -0.03 0.03 -0.02 0.01 -0.04 -0.08 0.04 -0.08 0.05 0.10 -0.01 -0.07
-0.31 -0.03 -0.06 -0.06 -0.38 -0.10 -0.09 0.14 -0.53 0.06 -0.06 0.04 -0.46
-0.15 -0.01 0.14 -0.00 0.08 -0.34 -0.03 -0.02 -0.02 0.25 0.20 -0.05 0.07
-0.16 0.06 -0.02 0.00 -0.30 -0.13 0.64 -0.03 -0.09 -0.01 0.13 0.07 -0.12
-0.22 0.03 0.21 -0.03 0.06 0.01 -0.18 -0.01 -0.09 0.09 -0.16 -0.00 0.22
-0.13 0.02 -0.11 -0.00 0.00 -0.27 -0.15 0.02 -0.14 -0.19 0.14 -0.08 0.07
-0.02 0.09 -0.31 -0.11 -0.18 -0.04 0.04 0.04 -0.08 0.00 0.43 -0.16 0.22
-0.19 -0.02 0.13 -0.02 0.02 -0.19 0.02 0.00 -0.07 0.08 -0.25 -0.04 0.13
0.07 -0.03 0.14 -0.04 -0.03 -0.04 -0.22 -0.15 0.08 -0.36 -0.14 -0.00 -0.67
-0.21 0.06 0.26 -0.02 0.01 -0.19 0.01 0.01 -0.04 0.20 0.03 -0.03 0.06
0.02 -0.05 -0.40 0.02 0.01 -0.01 0.04 -0.02 0.05 -0.27 -0.14 -0.05 -0.01
-0.52 0.25 -0.13 0.05 -0.24 0.49 0.39 -0.13 -0.23 0.31 0.02 0.05 0.52
-0.52 0.19 -0.13 0.05 -0.29 0.84 0.48 -0.21 -0.31 0.28 0.42 0.05 0.48
-0.21 -0.15 0.08 0.14 -0.03 0.12 0.19 0.02 -0.03 0.08 0.01 -0.24 0.05
-0.04 -0.10 0.30 0.02 0.19 0.02 -0.56 -0.05 -0.07 -0.06 -0.19 0.01 -0.43
-0.32 -0.05 0.02 0.02 -0.00 0.77 -0.17 0.07 -0.26 0.11 0.12 0.08 0.42
-0.00 -0.04 -0.36 0.01 -0.02 -0.04 0.03 0.02 0.36 -0.07 -0.36 0.02 -0.06
-0.16 0.06 -0.02 0.00 -0.30 0.06 0.65 -0.03 -0.09 -0.01 0.13 0.06 -0.10
-0.26 -0.03 0.06 0.01 0.05 -0.15 0.06 0.01 -0.20 0.05 -0.00 0.07 0.16
-0.52 0.27 -0.09 0.05 -0.27 0.55 0.37 -0.11 -0.20 0.32 -0.11 0.06 0.50
-0.18 -0.05 0.07 -0.03 -0.04 0.03 -0.06 0.09 -0.02 0.19 0.05 -0.01 0.06
-0.25 -0.06 0.04 0.36 -0.06 0.38 -0.04 -0.01 -0.06 0.34 0.06 -0.01 0.54
-0.25 0.09 -0.01 0.81 0.07 -0.44 -0.17 0.01 -0.22 -0.22 0.01 0.07 -0.14
-0.12 0.00 0.10 0.03 0.05 -0.13 -0.03 -0.23 0.19 -0.15 0.22 -0.15 0.03
0.06 -0.05 -0.06 0.00 -0.27 -0.17 -0.15 0.10 0.93 -0.18 -0.54 0.20 -0.00
-0.17 0.25 -0.54 0.02 -0.45 1.59 0.59 -0.24 -0.01 0.51 0.23 0.04 0.89
-0.24 -0.02 0.04 -0.02 -0.07 0.10 -0.05 -0.03 -0.02 0.17 -0.04 -0.01 0.57
-0.18 -0.02 0.08 -0.02 0.04 -0.28 -0.02 0.00 -0.07 0.06 -0.16 -0.03 0.05
-0.16 0.12 -0.38 0.02 -0.40 0.88 0.68 -0.35 -0.01 0.02 0.19 0.03 0.90
-0.21 0.06 0.04 -0.02 0.00 -0.12 0.18 0.01 -0.03 -0.05 0.01 -0.03 0.05
-0.11 0.03 0.23 -0.11 0.38 -0.05 -0.03 -0.17 -0.14 0.11 0.13 0.00 -0.70
-0.19 -0.01 0.37 -0.01 0.00 -0.29 0.13 0.07 -0.04 0.18 0.26 -0.10 -0.13
